sbm_id,para_nr,word_nr,word,duration,start_t,end_t,x_mean,y_mean,response
7,1,0, In ,201,1724,1925,477,90,advantages
7,1,1, my ,298,1925,2223,493.67,90,advantages
7,1,2, younger ,501,2223,2724,531.4,91.4,advantages
7,1,3, and ,202,2724,2926,591,88,advantages
7,1,4, more ,599,2926,3525,647.17,86.83,advantages
7,1,5, vulnerable ,200,3525,3725,727,85,advantages
7,1,6, years ,602,3725,4327,771.5,84.5,advantages
7,1,8, father ,197,4327,4524,837.5,92,advantages
7,1,9, gave ,404,4524,4928,893.25,92.25,advantages
7,1,8, father ,96,4928,5024,869,97,advantages
7,1,6, years ,102,5024,5126,768,98,advantages
7,1,5, vulnerable ,298,5126,5424,716,84,advantages
7,1,2, younger ,100,5424,5524,511,90,advantages
7,1,1, my ,200,5524,5724,496,97.5,advantages
7,1,11, some ,401,5724,6125,491.75,113.75,advantages
7,1,12, advice ,299,6125,6424,531,119.67,advantages
7,1,13, that ,200,6424,6624,589.5,114,advantages
7,1,14, I've ,104,6624,6728,621,113,advantages
7,1,15, been ,396,6728,7124,651.75,113,advantages
7,1,16, turning ,200,7124,7324,718,113.5,advantages
7,1,17, over ,601,7324,7925,743.33,112,advantages
7,1,18, in ,99,7925,8024,782,119,advantages
7,1,19, my ,104,8024,8128,807,122,advantages
7,1,20, mind ,296,8128,8424,847.33,121,advantages
7,1,21, ever ,200,8424,8624,888.5,117.5,advantages
7,1,22, since. ,503,8624,9127,933.2,117,advantages
7,1,19, my ,97,9127,9224,826,116,advantages
7,1,27, criticizing ,103,9224,9327,706,130,advantages
7,1,25, feel ,97,9327,9424,584,141,advantages
7,1,35, that ,100,9424,9524,548,155,advantages
7,1,34, remember ,300,9524,9824,503.33,160.33,advantages
7,1,23, Whenever ,500,9824,10324,495.4,145,advantages
7,1,24, you ,100,10324,10424,562,143,advantages
7,1,25, feel ,103,10424,10527,589,145,advantages
7,1,26, like ,198,10527,10725,632,140,advantages
7,1,27, criticizing ,203,10725,10928,687,141,advantages
7,1,28," anyone, ",895,10928,11823,757.22,133.11,advantages
7,1,29, he ,102,11823,11925,809,140,advantages
7,1,30, told ,98,11925,12023,840,136,advantages
7,1,31, me ,307,12023,12330,869,137.67,advantages
7,1,32," had, ",394,12330,12724,888.5,140.5,advantages
7,1,33, 'just ,301,12724,13025,929,152,advantages
7,1,41, world ,99,13025,13124,797,175,advantages
7,1,46, that ,100,13124,13224,573,193,advantages
7,1,45, advantages ,299,13224,13523,503.33,199.33,advantages
7,1,34, remember ,401,13523,13924,513.5,166,advantages
7,1,35, that ,99,13924,14023,575,163,advantages
7,1,37, the ,99,14023,14122,610,160,advantages
7,1,38, people ,202,14122,14324,653.5,160,advantages
7,1,39, in ,499,14324,14823,706.8,161,advantages
7,1,40, this ,104,14823,14927,718,161,advantages
7,1,41, world ,196,14927,15123,772,165,advantages
7,1,42, haven't ,503,15123,15626,814.8,164,advantages
7,1,43, had ,197,15626,15823,881,165.5,advantages
7,1,44, the ,200,15823,16023,904,167,advantages
7,1,43, had ,101,16023,16124,872,170,advantages
7,1,42, haven't ,499,16124,16623,696.6,203.4,advantages
7,1,45, advantages ,502,16623,17125,518.8,198.2,advantages
7,1,46, that ,200,17125,17325,578,192.5,advantages
7,1,47, you've ,199,17325,17524,617.5,191.5,advantages
7,1,48, had. ,3542,17524,21066,664.72,201.83,advantages
7,2,0, Neighbours ,799,1258,2057,497.75,90.12,Boo
7,2,1, bring ,600,2057,2657,585.67,86.33,Boo
7,2,3, with ,98,2657,2755,657,84,Boo
7,2,4, death ,504,2755,3259,698.6,80.6,Boo
7,2,5, and ,498,3259,3757,766.2,83.4,Boo
7,2,6, flowers ,500,3757,4257,820.2,83.2,Boo
7,2,7, with ,99,4257,4356,847,83,Boo
7,2,8, sickness ,400,4356,4756,905.75,82,Boo
7,2,9, and ,201,4756,4957,950.5,83,Boo
7,2,8, sickness ,100,4957,5057,930,90,Boo
7,2,17, neighbour. ,99,5057,5156,824,112,Boo
7,2,27, and ,101,5156,5257,706,128,Boo
7,2,13, between. ,500,5257,5757,608,114.8,Boo
7,2,11, things ,300,5757,6057,518.67,124,Boo
7,2,10, little ,200,6057,6257,494,122.5,Boo
7,2,11, things ,202,6257,6459,544,124.5,Boo
7,2,25, broken ,95,6459,6554,598,131,Boo
7,2,13, between. ,403,6554,6957,621.75,124.5,Boo
7,2,14, Boo ,101,6957,7058,684,113,Boo
7,2,15, was ,400,7058,7458,713.5,112,Boo
7,2,17, neighbour. ,399,7458,7857,800.75,109,Boo
7,2,18, He ,99,7857,7956,851,112,Boo
7,2,19, gave ,201,7956,8157,896.5,117,Boo
7,2,20, us ,300,8157,8457,926.33,120,Boo
7,2,31, of ,100,8457,8557,832,130,Boo
7,2,27, and ,101,8557,8658,701,137,Boo
7,2,25, broken ,99,8658,8757,598,151,Boo
7,2,24, a ,101,8757,8858,553,151,Boo
7,2,23," dolls, ",399,8858,9257,526.5,149.25,Boo
7,2,24, a ,101,9257,9358,563,148,Boo
7,2,25, broken ,99,9358,9457,620,143,Boo
7,2,26, watch ,200,9457,9657,671.5,152.5,Boo
7,2,28," chain, ",100,9657,9757,740,142,Boo
7,2,29, a ,102,9757,9859,777,140,Boo
7,2,30, pair ,99,9859,9958,805,138,Boo
7,2,31, of ,100,9958,10058,835,138,Boo
7,2,32, good ,598,10058,10656,861,140.67,Boo
7,2,31, of ,101,10656,10757,831,142,Boo
7,2,29, a ,100,10757,10857,777,145,Boo
7,2,28," chain, ",103,10857,10960,716,148,Boo
7,2,37, lives. ,98,10960,11058,613,160,Boo
7,2,35, and ,99,11058,11157,545,167,Boo
7,2,34," pennies, ",500,11157,11657,502.8,167.4,Boo
7,2,35, and ,100,11657,11757,536,168,Boo
7,2,36, our ,100,11757,11857,596,161,Boo
7,2,37, lives. ,5243,11857,17100,637.62,173.45,Boo
7,3,58, then ,1300,8,1308,944,200,account
7,3,0, I ,99,1308,1407,468,79,account
7,3,1, wanted ,800,1407,2207,482.88,85.88,account
7,3,2, to ,101,2207,2308,550,89,account
7,3,3, live ,299,2308,2607,573,88.67,account
7,3,4, deep ,703,2607,3310,598.29,87.57,account
7,3,5, and ,197,3310,3507,649,84,account
7,3,6, suck ,202,3507,3709,688.5,81.5,account
7,3,7, out ,600,3709,4309,720.17,77.83,account
7,3,8, all ,98,4309,4407,754,93,account
7,3,9, the ,200,4407,4607,777.5,92,account
7,3,10, marrow ,800,4607,5407,827.25,87.12,account
7,3,11, of ,101,5407,5508,872,88,account
7,3,12," life, ",108,5508,5616,901,89,account
7,3,13, to ,291,5616,5907,924.67,90.33,account
7,3,14, live ,199,5907,6106,943,93,account
7,3,12," life, ",101,6106,6207,895,93,account
7,3,6, suck ,101,6207,6308,692,95,account
7,3,3, live ,99,6308,6407,579,97,account
7,3,17, and ,100,6407,6507,551,101,account
7,3,16, sturdily ,200,6507,6707,519.5,104.5,account
7,3,15, so ,300,6707,7007,477.67,112.67,account
7,3,16, sturdily ,301,7007,7308,513.67,115.33,account
7,3,17, and ,199,7308,7507,571,118,account
7,3,18, Spartan-like ,501,7507,8008,636.4,111.8,account
7,3,19, as ,599,8008,8607,703.33,116.33,account
7,3,21, put ,100,8607,8707,749,116,account
7,3,22, to ,201,8707,8908,770.5,118,account
7,3,23, rout ,99,8908,9007,805,116,account
7,3,24, all ,200,9007,9207,833.5,116,account
7,3,25, that ,501,9207,9708,856.2,115.4,account
7,3,26, was ,599,9708,10307,906.67,117.83,account
7,3,23, rout ,101,10307,10408,822,124,account
7,3,35, shave ,100,10408,10508,718,135,account
7,3,33, swath ,100,10508,10608,636,135,account
7,3,32, broad ,99,10608,10707,581,135,account
7,3,31, a ,100,10707,10807,548,136,account
7,3,30, cut ,100,10807,10907,531,139,account
7,3,29, to ,201,10907,11108,506,139.5,account
7,3,28," life, ",199,11108,11307,493,141.5,account
7,3,29, to ,200,11307,11507,506.5,145.5,account
7,3,30, cut ,100,11507,11607,538,146,account
7,3,31, a ,100,11607,11707,555,146,account
7,3,32, broad ,101,11707,11808,581,146,account
7,3,33, swath ,199,11808,12007,645.5,139.5,account
7,3,34, and ,201,12007,12208,678.5,139.5,account
7,3,35, shave ,299,12208,12507,729.67,146.67,account
7,3,36," close, ",400,12507,12907,778.5,138.75,account
7,3,37, to ,199,12907,13106,811.5,136,account
7,3,38, drive ,501,13106,13607,837.4,140.6,account
7,3,39, life ,100,13607,13707,884,140,account
7,3,40, into ,603,13707,14310,922.83,142.17,account
7,3,41, a ,798,14310,15108,937.88,144.88,account
7,3,40, into ,99,15108,15207,934,145,account
7,3,39, life ,104,15207,15311,888,145,account
7,3,36," close, ",96,15311,15407,793,144,account
7,3,35, shave ,200,15407,15607,729.5,141.5,account
7,3,34, and ,102,15607,15709,681,147,account
7,3,32, broad ,98,15709,15807,566,153,account
7,3,42," corner, ",1101,15807,16908,476.64,162.36,account
7,3,43, and ,205,16908,17113,544,172.5,account
7,3,44, reduce ,294,17113,17407,578,172,account
7,3,45, it ,100,17407,17507,619,169,account
7,3,46, to ,500,17507,18007,643.8,168.2,account
7,3,48, lowest ,301,18007,18308,708,173,account
7,3,49," terms, ",499,18308,18807,754.4,174.8,account
7,3,50," and, ",101,18807,18908,814,171,account
7,3,51, if ,99,18908,19007,833,171,account
7,3,52, it ,497,19007,19504,851.8,171.2,account
7,3,53, proved ,207,19504,19711,898.5,170,account
7,3,54, to ,496,19711,20207,934.8,168.8,account
7,3,53, proved ,100,20207,20307,920,168,account
7,3,50," and, ",100,20307,20407,821,171,account
7,3,59, to ,100,20407,20507,605,202,account
7,3,57, why ,400,20507,20907,534,201,account
7,3,56," mean, ",100,20907,21007,512,197,account
7,3,57, why ,101,21007,21108,521,197,account
7,3,58, then ,199,21108,21307,570.5,197,account
7,3,59, to ,100,21307,21407,609,197,account
7,3,60, get ,100,21407,21507,626,197,account
7,3,61, the ,200,21507,21707,654,193.5,account
7,3,62, whole ,200,21707,21907,695.5,194.5,account
7,3,63, and ,498,21907,22405,736.6,198,account
7,3,64, genuine ,202,22405,22607,807,204.5,account
7,3,65, meanness ,700,22607,23307,864.86,201,account
7,3,66, of ,300,23307,23607,924.33,199.67,account
7,3,67," it, ",200,23607,23807,941.5,199,account
7,3,66, of ,200,23807,24007,906,205.5,account
7,3,73, the ,104,24007,24111,704,225,account
7,3,70, its ,196,24111,24307,571.5,232.5,account
7,3,69, publish ,300,24307,24607,524,230.67,account
7,3,68, and ,400,24607,25007,489,228,account
7,3,71, meanness ,399,25007,25406,650.25,230.25,account
7,3,73, the ,401,25406,25807,697,231.5,account
7,3,74, world; ,199,25807,26006,754.5,220.5,account
7,3,75, or ,401,26006,26407,786.75,218,account
7,3,76, if ,101,26407,26508,809,218,account
7,3,78, were ,103,26508,26611,852,216,account
7,3,79," sublime, ",995,26611,27606,917.1,220.2,account
7,3,75, or ,101,27606,27707,778,228,account
7,3,84," experience, ",199,27707,27906,605.5,254,account
7,3,98, next ,100,27906,28006,536,265,account
7,3,97, my ,200,28006,28206,510,264,account
7,3,81, know ,101,28206,28307,506,259,account
7,3,83, by ,99,28307,28406,534,250,account
7,3,84," experience, ",300,28406,28706,594.67,251.67,account
7,3,85, and ,200,28706,28906,664.5,246.5,account
7,3,86, to ,100,28906,29006,692,250,account
7,3,87, be ,101,29006,29107,726,250,account
7,3,88, able ,399,29107,29506,751.5,254,account
7,3,90, give ,99,29506,29605,790,254,account
7,3,92, true ,201,29605,29806,858,254,account
7,3,93, account ,700,29806,30506,908,255.43,account
7,3,90, give ,101,30506,30607,800,254,account
7,3,85, and ,99,30607,30706,632,262,account
7,3,98, next ,100,30706,30806,540,268,account
7,3,96, in ,300,30806,31106,492.67,273.67,account
7,3,97, my ,100,31106,31206,524,277,account
7,3,99, excursion. ,6976,31206,38182,634.3,287.79,account
7,4,0, I ,200,1442,1642,467,94,armpits
7,4,1, believe ,800,1642,2442,485.12,92.62,armpits
7,4,2, in ,200,2442,2642,538.5,91.5,armpits
7,4,3, the ,700,2642,3342,572.14,91,armpits
7,4,4, flesh ,300,3342,3642,605,91,armpits
7,4,5, and ,305,3642,3947,641.33,88.33,armpits
7,4,6, the ,595,3947,4542,670,92,armpits
7,4,7, appetites; ,800,4542,5342,753.5,90.5,armpits
7,4,8," Seeing, ",299,5342,5641,810.33,88.67,armpits
7,4,9," hearing, ",701,5641,6342,866.71,87.71,armpits
7,4,10," feeling, ",499,6342,6841,927.8,85.6,armpits
7,4,9," hearing, ",200,6841,7041,873,86,armpits
7,4,7, appetites; ,400,7041,7441,702.5,97.5,armpits
7,4,15, part ,101,7441,7542,647,101,armpits
7,4,12," miracles, ",400,7542,7942,525,113,armpits
7,4,11, are ,399,7942,8341,484.75,117.25,armpits
7,4,12," miracles, ",300,8341,8641,527.67,121.33,armpits
7,4,13, and ,200,8641,8841,584,119,armpits
7,4,14, each ,200,8841,9041,624.5,120.5,armpits
7,4,15, part ,702,9041,9743,656.14,122.29,armpits
7,4,16, and ,198,9743,9941,693.5,113,armpits
7,4,17, tag ,600,9941,10541,739.67,113.17,armpits
7,4,19, me ,204,10541,10745,782.5,111,armpits
7,4,20, is ,96,10745,10841,802,108,armpits
7,4,21, a ,100,10841,10941,821,107,armpits
7,4,22, miracle. ,802,10941,11743,861.75,112.88,armpits
7,4,23, Divine ,298,11743,12041,925.33,114.33,armpits
7,4,22, miracle. ,101,12041,12142,881,116,armpits
7,4,31, make ,99,12142,12241,703,130,armpits
7,4,29, and ,300,12241,12541,646,135,armpits
7,4,28," out, ",100,12541,12641,597,129,armpits
7,4,26, inside ,100,12641,12741,515,128,armpits
7,4,25, I ,100,12741,12841,501,128,armpits
7,4,24, am ,401,12841,13242,482,144,armpits
7,4,25, I ,99,13242,13341,500,151,armpits
7,4,26, inside ,301,13341,13642,539.67,147,armpits
7,4,27, and ,301,13642,13943,574.67,141.33,armpits
7,4,28," out, ",200,13943,14143,610,139.5,armpits
7,4,29, and ,498,14143,14641,636.8,144.8,armpits
7,4,30, I ,101,14641,14742,664,142,armpits
7,4,31, make ,299,14742,15041,694.33,144,armpits
7,4,32, holy ,199,15041,15240,736.5,143,armpits
7,4,33, whatever ,602,15240,15842,770,145.67,armpits
7,4,34, I ,100,15842,15942,835,140,armpits
7,4,35, touch ,399,15942,16341,862,141.5,armpits
7,4,36, or ,504,16341,16845,904.6,143.8,armpits
7,4,46, finer ,99,16845,16944,866,155,armpits
7,4,40, The ,97,16944,17041,607,162,armpits
7,4,38, touch'd ,501,17041,17542,488.4,169.4,armpits
7,4,39, from; ,299,17542,17841,549.33,173.33,armpits
7,4,40, The ,101,17841,17942,592,173,armpits
7,4,41, scent ,699,17942,18641,644.71,168.14,armpits
7,4,42, of ,99,18641,18740,659,168,armpits
7,4,43, these ,300,18740,19040,699.67,171,armpits
7,4,44," arm-pits, ",501,19040,19541,773.2,170,armpits
7,4,45, aroma ,600,19541,20141,831.17,166,armpits
7,4,46, finer ,402,20141,20543,882.5,169.5,armpits
7,4,47, than ,199,20543,20742,919,170.5,armpits
7,4,46, finer ,99,20742,20841,872,167,armpits
7,4,43, these ,100,20841,20941,726,164,armpits
7,4,40, The ,100,20941,21041,594,176,armpits
7,4,39, from; ,101,21041,21142,531,181,armpits
7,4,48, prayer; ,499,21142,21641,505,194.6,armpits
7,4,49, This ,100,21641,21741,553,201,armpits
7,4,50, head ,100,21741,21841,600,202,armpits
7,4,51, more ,200,21841,22041,633.5,202,armpits
7,4,52, than ,102,22041,22143,677,201,armpits
7,4,53," churches, ",498,22143,22641,732.6,195.4,armpits
7,4,54," bibles, ",302,22641,22943,809,194,armpits
7,4,55, and ,198,22943,23141,848,190,armpits
7,4,56, all ,900,23141,24041,879.56,184.33,armpits
7,4,57, the ,200,24041,24241,902,195.5,armpits
7,4,58, creeds. ,2391,24241,26632,943.75,199.88,armpits
